{
 "cells": [
  {
   "cell_type": "code",
   "execution_count": 1,
   "metadata": {},
   "outputs": [],
   "source": [
    "import pandas as pd\n",
    "import numpy as np\n",
    "import seaborn as sns\n",
    "import matplotlib.pyplot as plt"
   ]
  },
  {
   "cell_type": "code",
   "execution_count": 2,
   "metadata": {},
   "outputs": [],
   "source": [
    "df = pd.read_csv(\"../data-v1/defensive_action.csv\")"
   ]
  },
  {
   "cell_type": "code",
   "execution_count": 3,
   "metadata": {},
   "outputs": [
    {
     "data": {
      "text/html": [
       "<div>\n",
       "<style scoped>\n",
       "    .dataframe tbody tr th:only-of-type {\n",
       "        vertical-align: middle;\n",
       "    }\n",
       "\n",
       "    .dataframe tbody tr th {\n",
       "        vertical-align: top;\n",
       "    }\n",
       "\n",
       "    .dataframe thead th {\n",
       "        text-align: right;\n",
       "    }\n",
       "</style>\n",
       "<table border=\"1\" class=\"dataframe\">\n",
       "  <thead>\n",
       "    <tr style=\"text-align: right;\">\n",
       "      <th></th>\n",
       "      <th>Unnamed: 0</th>\n",
       "      <th>Squad</th>\n",
       "      <th># Pl</th>\n",
       "      <th>90s</th>\n",
       "      <th>Tkl</th>\n",
       "      <th>TklW</th>\n",
       "      <th>Def 3rd</th>\n",
       "      <th>Mid 3rd</th>\n",
       "      <th>Att 3rd</th>\n",
       "      <th>Tkl.1</th>\n",
       "      <th>...</th>\n",
       "      <th>Tkl%</th>\n",
       "      <th>Lost</th>\n",
       "      <th>Blocks</th>\n",
       "      <th>Sh</th>\n",
       "      <th>Pass</th>\n",
       "      <th>Int</th>\n",
       "      <th>Tkl+Int</th>\n",
       "      <th>Clr</th>\n",
       "      <th>Err</th>\n",
       "      <th>Season</th>\n",
       "    </tr>\n",
       "  </thead>\n",
       "  <tbody>\n",
       "    <tr>\n",
       "      <th>0</th>\n",
       "      <td>1</td>\n",
       "      <td>Arsenal</td>\n",
       "      <td>23</td>\n",
       "      <td>12.0</td>\n",
       "      <td>196</td>\n",
       "      <td>109</td>\n",
       "      <td>79</td>\n",
       "      <td>84</td>\n",
       "      <td>33</td>\n",
       "      <td>98</td>\n",
       "      <td>...</td>\n",
       "      <td>58.3</td>\n",
       "      <td>70</td>\n",
       "      <td>152</td>\n",
       "      <td>38</td>\n",
       "      <td>114</td>\n",
       "      <td>91</td>\n",
       "      <td>287</td>\n",
       "      <td>130</td>\n",
       "      <td>6</td>\n",
       "      <td>2023-2024</td>\n",
       "    </tr>\n",
       "    <tr>\n",
       "      <th>1</th>\n",
       "      <td>2</td>\n",
       "      <td>Aston Villa</td>\n",
       "      <td>23</td>\n",
       "      <td>12.0</td>\n",
       "      <td>173</td>\n",
       "      <td>100</td>\n",
       "      <td>83</td>\n",
       "      <td>74</td>\n",
       "      <td>16</td>\n",
       "      <td>78</td>\n",
       "      <td>...</td>\n",
       "      <td>43.6</td>\n",
       "      <td>101</td>\n",
       "      <td>120</td>\n",
       "      <td>32</td>\n",
       "      <td>88</td>\n",
       "      <td>81</td>\n",
       "      <td>254</td>\n",
       "      <td>171</td>\n",
       "      <td>3</td>\n",
       "      <td>2023-2024</td>\n",
       "    </tr>\n",
       "    <tr>\n",
       "      <th>2</th>\n",
       "      <td>3</td>\n",
       "      <td>Bournemouth</td>\n",
       "      <td>25</td>\n",
       "      <td>12.0</td>\n",
       "      <td>224</td>\n",
       "      <td>122</td>\n",
       "      <td>104</td>\n",
       "      <td>89</td>\n",
       "      <td>31</td>\n",
       "      <td>105</td>\n",
       "      <td>...</td>\n",
       "      <td>47.3</td>\n",
       "      <td>117</td>\n",
       "      <td>150</td>\n",
       "      <td>49</td>\n",
       "      <td>101</td>\n",
       "      <td>104</td>\n",
       "      <td>328</td>\n",
       "      <td>230</td>\n",
       "      <td>8</td>\n",
       "      <td>2023-2024</td>\n",
       "    </tr>\n",
       "    <tr>\n",
       "      <th>3</th>\n",
       "      <td>4</td>\n",
       "      <td>Brentford</td>\n",
       "      <td>25</td>\n",
       "      <td>12.0</td>\n",
       "      <td>196</td>\n",
       "      <td>123</td>\n",
       "      <td>104</td>\n",
       "      <td>74</td>\n",
       "      <td>18</td>\n",
       "      <td>87</td>\n",
       "      <td>...</td>\n",
       "      <td>43.3</td>\n",
       "      <td>114</td>\n",
       "      <td>137</td>\n",
       "      <td>32</td>\n",
       "      <td>105</td>\n",
       "      <td>102</td>\n",
       "      <td>298</td>\n",
       "      <td>290</td>\n",
       "      <td>4</td>\n",
       "      <td>2023-2024</td>\n",
       "    </tr>\n",
       "    <tr>\n",
       "      <th>4</th>\n",
       "      <td>5</td>\n",
       "      <td>Brighton</td>\n",
       "      <td>25</td>\n",
       "      <td>12.0</td>\n",
       "      <td>187</td>\n",
       "      <td>114</td>\n",
       "      <td>89</td>\n",
       "      <td>76</td>\n",
       "      <td>22</td>\n",
       "      <td>78</td>\n",
       "      <td>...</td>\n",
       "      <td>37.3</td>\n",
       "      <td>131</td>\n",
       "      <td>128</td>\n",
       "      <td>38</td>\n",
       "      <td>90</td>\n",
       "      <td>96</td>\n",
       "      <td>283</td>\n",
       "      <td>176</td>\n",
       "      <td>5</td>\n",
       "      <td>2023-2024</td>\n",
       "    </tr>\n",
       "  </tbody>\n",
       "</table>\n",
       "<p>5 rows × 21 columns</p>\n",
       "</div>"
      ],
      "text/plain": [
       "   Unnamed: 0        Squad  # Pl   90s  Tkl  TklW  Def 3rd  Mid 3rd  Att 3rd  \\\n",
       "0           1      Arsenal    23  12.0  196   109       79       84       33   \n",
       "1           2  Aston Villa    23  12.0  173   100       83       74       16   \n",
       "2           3  Bournemouth    25  12.0  224   122      104       89       31   \n",
       "3           4    Brentford    25  12.0  196   123      104       74       18   \n",
       "4           5     Brighton    25  12.0  187   114       89       76       22   \n",
       "\n",
       "   Tkl.1  ...  Tkl%  Lost  Blocks  Sh  Pass  Int  Tkl+Int  Clr  Err     Season  \n",
       "0     98  ...  58.3    70     152  38   114   91      287  130    6  2023-2024  \n",
       "1     78  ...  43.6   101     120  32    88   81      254  171    3  2023-2024  \n",
       "2    105  ...  47.3   117     150  49   101  104      328  230    8  2023-2024  \n",
       "3     87  ...  43.3   114     137  32   105  102      298  290    4  2023-2024  \n",
       "4     78  ...  37.3   131     128  38    90   96      283  176    5  2023-2024  \n",
       "\n",
       "[5 rows x 21 columns]"
      ]
     },
     "execution_count": 3,
     "metadata": {},
     "output_type": "execute_result"
    }
   ],
   "source": [
    "df.head()"
   ]
  },
  {
   "cell_type": "code",
   "execution_count": 4,
   "metadata": {},
   "outputs": [
    {
     "data": {
      "text/plain": [
       "Index(['Unnamed: 0', 'Squad', '# Pl', '90s', 'Tkl', 'TklW', 'Def 3rd',\n",
       "       'Mid 3rd', 'Att 3rd', 'Tkl.1', 'Att', 'Tkl%', 'Lost', 'Blocks', 'Sh',\n",
       "       'Pass', 'Int', 'Tkl+Int', 'Clr', 'Err', 'Season'],\n",
       "      dtype='object')"
      ]
     },
     "execution_count": 4,
     "metadata": {},
     "output_type": "execute_result"
    }
   ],
   "source": [
    "df.columns"
   ]
  },
  {
   "cell_type": "code",
   "execution_count": 5,
   "metadata": {},
   "outputs": [
    {
     "name": "stdout",
     "output_type": "stream",
     "text": [
      "<class 'pandas.core.frame.DataFrame'>\n",
      "RangeIndex: 140 entries, 0 to 139\n",
      "Data columns (total 21 columns):\n",
      " #   Column      Non-Null Count  Dtype  \n",
      "---  ------      --------------  -----  \n",
      " 0   Unnamed: 0  140 non-null    int64  \n",
      " 1   Squad       140 non-null    object \n",
      " 2   # Pl        140 non-null    int64  \n",
      " 3   90s         140 non-null    float64\n",
      " 4   Tkl         140 non-null    int64  \n",
      " 5   TklW        140 non-null    int64  \n",
      " 6   Def 3rd     140 non-null    int64  \n",
      " 7   Mid 3rd     140 non-null    int64  \n",
      " 8   Att 3rd     140 non-null    int64  \n",
      " 9   Tkl.1       140 non-null    int64  \n",
      " 10  Att         140 non-null    int64  \n",
      " 11  Tkl%        140 non-null    float64\n",
      " 12  Lost        140 non-null    int64  \n",
      " 13  Blocks      140 non-null    int64  \n",
      " 14  Sh          140 non-null    int64  \n",
      " 15  Pass        140 non-null    int64  \n",
      " 16  Int         140 non-null    int64  \n",
      " 17  Tkl+Int     140 non-null    int64  \n",
      " 18  Clr         140 non-null    int64  \n",
      " 19  Err         140 non-null    int64  \n",
      " 20  Season      140 non-null    object \n",
      "dtypes: float64(2), int64(17), object(2)\n",
      "memory usage: 23.1+ KB\n"
     ]
    }
   ],
   "source": [
    "df.info()"
   ]
  },
  {
   "cell_type": "markdown",
   "metadata": {},
   "source": [
    "### Gereksiz sütunları çıkar"
   ]
  },
  {
   "cell_type": "code",
   "execution_count": 6,
   "metadata": {},
   "outputs": [],
   "source": [
    "cols = [\"Unnamed: 0\",\"# Pl\",\"90s\"]\n",
    "df.drop(columns=cols,axis=1,inplace=True)"
   ]
  },
  {
   "cell_type": "code",
   "execution_count": 7,
   "metadata": {},
   "outputs": [
    {
     "data": {
      "text/html": [
       "<div>\n",
       "<style scoped>\n",
       "    .dataframe tbody tr th:only-of-type {\n",
       "        vertical-align: middle;\n",
       "    }\n",
       "\n",
       "    .dataframe tbody tr th {\n",
       "        vertical-align: top;\n",
       "    }\n",
       "\n",
       "    .dataframe thead th {\n",
       "        text-align: right;\n",
       "    }\n",
       "</style>\n",
       "<table border=\"1\" class=\"dataframe\">\n",
       "  <thead>\n",
       "    <tr style=\"text-align: right;\">\n",
       "      <th></th>\n",
       "      <th>Squad</th>\n",
       "      <th>Tkl</th>\n",
       "      <th>TklW</th>\n",
       "      <th>Def 3rd</th>\n",
       "      <th>Mid 3rd</th>\n",
       "      <th>Att 3rd</th>\n",
       "      <th>Tkl.1</th>\n",
       "      <th>Att</th>\n",
       "      <th>Tkl%</th>\n",
       "      <th>Lost</th>\n",
       "      <th>Blocks</th>\n",
       "      <th>Sh</th>\n",
       "      <th>Pass</th>\n",
       "      <th>Int</th>\n",
       "      <th>Tkl+Int</th>\n",
       "      <th>Clr</th>\n",
       "      <th>Err</th>\n",
       "      <th>Season</th>\n",
       "    </tr>\n",
       "  </thead>\n",
       "  <tbody>\n",
       "    <tr>\n",
       "      <th>0</th>\n",
       "      <td>Arsenal</td>\n",
       "      <td>196</td>\n",
       "      <td>109</td>\n",
       "      <td>79</td>\n",
       "      <td>84</td>\n",
       "      <td>33</td>\n",
       "      <td>98</td>\n",
       "      <td>168</td>\n",
       "      <td>58.3</td>\n",
       "      <td>70</td>\n",
       "      <td>152</td>\n",
       "      <td>38</td>\n",
       "      <td>114</td>\n",
       "      <td>91</td>\n",
       "      <td>287</td>\n",
       "      <td>130</td>\n",
       "      <td>6</td>\n",
       "      <td>2023-2024</td>\n",
       "    </tr>\n",
       "    <tr>\n",
       "      <th>1</th>\n",
       "      <td>Aston Villa</td>\n",
       "      <td>173</td>\n",
       "      <td>100</td>\n",
       "      <td>83</td>\n",
       "      <td>74</td>\n",
       "      <td>16</td>\n",
       "      <td>78</td>\n",
       "      <td>179</td>\n",
       "      <td>43.6</td>\n",
       "      <td>101</td>\n",
       "      <td>120</td>\n",
       "      <td>32</td>\n",
       "      <td>88</td>\n",
       "      <td>81</td>\n",
       "      <td>254</td>\n",
       "      <td>171</td>\n",
       "      <td>3</td>\n",
       "      <td>2023-2024</td>\n",
       "    </tr>\n",
       "    <tr>\n",
       "      <th>2</th>\n",
       "      <td>Bournemouth</td>\n",
       "      <td>224</td>\n",
       "      <td>122</td>\n",
       "      <td>104</td>\n",
       "      <td>89</td>\n",
       "      <td>31</td>\n",
       "      <td>105</td>\n",
       "      <td>222</td>\n",
       "      <td>47.3</td>\n",
       "      <td>117</td>\n",
       "      <td>150</td>\n",
       "      <td>49</td>\n",
       "      <td>101</td>\n",
       "      <td>104</td>\n",
       "      <td>328</td>\n",
       "      <td>230</td>\n",
       "      <td>8</td>\n",
       "      <td>2023-2024</td>\n",
       "    </tr>\n",
       "    <tr>\n",
       "      <th>3</th>\n",
       "      <td>Brentford</td>\n",
       "      <td>196</td>\n",
       "      <td>123</td>\n",
       "      <td>104</td>\n",
       "      <td>74</td>\n",
       "      <td>18</td>\n",
       "      <td>87</td>\n",
       "      <td>201</td>\n",
       "      <td>43.3</td>\n",
       "      <td>114</td>\n",
       "      <td>137</td>\n",
       "      <td>32</td>\n",
       "      <td>105</td>\n",
       "      <td>102</td>\n",
       "      <td>298</td>\n",
       "      <td>290</td>\n",
       "      <td>4</td>\n",
       "      <td>2023-2024</td>\n",
       "    </tr>\n",
       "    <tr>\n",
       "      <th>4</th>\n",
       "      <td>Brighton</td>\n",
       "      <td>187</td>\n",
       "      <td>114</td>\n",
       "      <td>89</td>\n",
       "      <td>76</td>\n",
       "      <td>22</td>\n",
       "      <td>78</td>\n",
       "      <td>209</td>\n",
       "      <td>37.3</td>\n",
       "      <td>131</td>\n",
       "      <td>128</td>\n",
       "      <td>38</td>\n",
       "      <td>90</td>\n",
       "      <td>96</td>\n",
       "      <td>283</td>\n",
       "      <td>176</td>\n",
       "      <td>5</td>\n",
       "      <td>2023-2024</td>\n",
       "    </tr>\n",
       "  </tbody>\n",
       "</table>\n",
       "</div>"
      ],
      "text/plain": [
       "         Squad  Tkl  TklW  Def 3rd  Mid 3rd  Att 3rd  Tkl.1  Att  Tkl%  Lost  \\\n",
       "0      Arsenal  196   109       79       84       33     98  168  58.3    70   \n",
       "1  Aston Villa  173   100       83       74       16     78  179  43.6   101   \n",
       "2  Bournemouth  224   122      104       89       31    105  222  47.3   117   \n",
       "3    Brentford  196   123      104       74       18     87  201  43.3   114   \n",
       "4     Brighton  187   114       89       76       22     78  209  37.3   131   \n",
       "\n",
       "   Blocks  Sh  Pass  Int  Tkl+Int  Clr  Err     Season  \n",
       "0     152  38   114   91      287  130    6  2023-2024  \n",
       "1     120  32    88   81      254  171    3  2023-2024  \n",
       "2     150  49   101  104      328  230    8  2023-2024  \n",
       "3     137  32   105  102      298  290    4  2023-2024  \n",
       "4     128  38    90   96      283  176    5  2023-2024  "
      ]
     },
     "execution_count": 7,
     "metadata": {},
     "output_type": "execute_result"
    }
   ],
   "source": [
    "df.head()"
   ]
  },
  {
   "cell_type": "code",
   "execution_count": 8,
   "metadata": {},
   "outputs": [
    {
     "data": {
      "text/html": [
       "<div>\n",
       "<style scoped>\n",
       "    .dataframe tbody tr th:only-of-type {\n",
       "        vertical-align: middle;\n",
       "    }\n",
       "\n",
       "    .dataframe tbody tr th {\n",
       "        vertical-align: top;\n",
       "    }\n",
       "\n",
       "    .dataframe thead th {\n",
       "        text-align: right;\n",
       "    }\n",
       "</style>\n",
       "<table border=\"1\" class=\"dataframe\">\n",
       "  <thead>\n",
       "    <tr style=\"text-align: right;\">\n",
       "      <th></th>\n",
       "      <th>Tkl</th>\n",
       "      <th>TklW</th>\n",
       "      <th>Def 3rd</th>\n",
       "      <th>Mid 3rd</th>\n",
       "      <th>Att 3rd</th>\n",
       "      <th>Tkl.1</th>\n",
       "      <th>Att</th>\n",
       "      <th>Tkl%</th>\n",
       "      <th>Lost</th>\n",
       "      <th>Blocks</th>\n",
       "      <th>Sh</th>\n",
       "      <th>Pass</th>\n",
       "      <th>Int</th>\n",
       "      <th>Tkl+Int</th>\n",
       "      <th>Clr</th>\n",
       "      <th>Err</th>\n",
       "    </tr>\n",
       "  </thead>\n",
       "  <tbody>\n",
       "    <tr>\n",
       "      <th>Tkl</th>\n",
       "      <td>1.000000</td>\n",
       "      <td>0.973622</td>\n",
       "      <td>0.948098</td>\n",
       "      <td>0.961072</td>\n",
       "      <td>0.669033</td>\n",
       "      <td>0.918257</td>\n",
       "      <td>0.939852</td>\n",
       "      <td>-0.275369</td>\n",
       "      <td>0.883779</td>\n",
       "      <td>0.908914</td>\n",
       "      <td>0.650801</td>\n",
       "      <td>0.934367</td>\n",
       "      <td>0.879591</td>\n",
       "      <td>0.978046</td>\n",
       "      <td>0.754758</td>\n",
       "      <td>0.591755</td>\n",
       "    </tr>\n",
       "    <tr>\n",
       "      <th>TklW</th>\n",
       "      <td>0.973622</td>\n",
       "      <td>1.000000</td>\n",
       "      <td>0.927413</td>\n",
       "      <td>0.935754</td>\n",
       "      <td>0.635099</td>\n",
       "      <td>0.837178</td>\n",
       "      <td>0.891822</td>\n",
       "      <td>-0.346970</td>\n",
       "      <td>0.862423</td>\n",
       "      <td>0.870830</td>\n",
       "      <td>0.604960</td>\n",
       "      <td>0.905674</td>\n",
       "      <td>0.881361</td>\n",
       "      <td>0.963186</td>\n",
       "      <td>0.793523</td>\n",
       "      <td>0.624694</td>\n",
       "    </tr>\n",
       "    <tr>\n",
       "      <th>Def 3rd</th>\n",
       "      <td>0.948098</td>\n",
       "      <td>0.927413</td>\n",
       "      <td>1.000000</td>\n",
       "      <td>0.841655</td>\n",
       "      <td>0.454677</td>\n",
       "      <td>0.863408</td>\n",
       "      <td>0.892410</td>\n",
       "      <td>-0.264022</td>\n",
       "      <td>0.845090</td>\n",
       "      <td>0.890115</td>\n",
       "      <td>0.732675</td>\n",
       "      <td>0.861366</td>\n",
       "      <td>0.866898</td>\n",
       "      <td>0.941721</td>\n",
       "      <td>0.818169</td>\n",
       "      <td>0.567659</td>\n",
       "    </tr>\n",
       "    <tr>\n",
       "      <th>Mid 3rd</th>\n",
       "      <td>0.961072</td>\n",
       "      <td>0.935754</td>\n",
       "      <td>0.841655</td>\n",
       "      <td>1.000000</td>\n",
       "      <td>0.684959</td>\n",
       "      <td>0.868796</td>\n",
       "      <td>0.901076</td>\n",
       "      <td>-0.304457</td>\n",
       "      <td>0.855385</td>\n",
       "      <td>0.862050</td>\n",
       "      <td>0.553145</td>\n",
       "      <td>0.922282</td>\n",
       "      <td>0.840924</td>\n",
       "      <td>0.938034</td>\n",
       "      <td>0.675278</td>\n",
       "      <td>0.559424</td>\n",
       "    </tr>\n",
       "    <tr>\n",
       "      <th>Att 3rd</th>\n",
       "      <td>0.669033</td>\n",
       "      <td>0.635099</td>\n",
       "      <td>0.454677</td>\n",
       "      <td>0.684959</td>\n",
       "      <td>1.000000</td>\n",
       "      <td>0.680480</td>\n",
       "      <td>0.630048</td>\n",
       "      <td>-0.059363</td>\n",
       "      <td>0.547209</td>\n",
       "      <td>0.534704</td>\n",
       "      <td>0.209309</td>\n",
       "      <td>0.647393</td>\n",
       "      <td>0.477751</td>\n",
       "      <td>0.605844</td>\n",
       "      <td>0.264223</td>\n",
       "      <td>0.397713</td>\n",
       "    </tr>\n",
       "    <tr>\n",
       "      <th>Tkl.1</th>\n",
       "      <td>0.918257</td>\n",
       "      <td>0.837178</td>\n",
       "      <td>0.863408</td>\n",
       "      <td>0.868796</td>\n",
       "      <td>0.680480</td>\n",
       "      <td>1.000000</td>\n",
       "      <td>0.935579</td>\n",
       "      <td>-0.057829</td>\n",
       "      <td>0.819867</td>\n",
       "      <td>0.853076</td>\n",
       "      <td>0.639026</td>\n",
       "      <td>0.861085</td>\n",
       "      <td>0.721123</td>\n",
       "      <td>0.860178</td>\n",
       "      <td>0.574881</td>\n",
       "      <td>0.443998</td>\n",
       "    </tr>\n",
       "    <tr>\n",
       "      <th>Att</th>\n",
       "      <td>0.939852</td>\n",
       "      <td>0.891822</td>\n",
       "      <td>0.892410</td>\n",
       "      <td>0.901076</td>\n",
       "      <td>0.630048</td>\n",
       "      <td>0.935579</td>\n",
       "      <td>1.000000</td>\n",
       "      <td>-0.388050</td>\n",
       "      <td>0.969229</td>\n",
       "      <td>0.871469</td>\n",
       "      <td>0.672092</td>\n",
       "      <td>0.868790</td>\n",
       "      <td>0.846152</td>\n",
       "      <td>0.927746</td>\n",
       "      <td>0.701518</td>\n",
       "      <td>0.563461</td>\n",
       "    </tr>\n",
       "    <tr>\n",
       "      <th>Tkl%</th>\n",
       "      <td>-0.275369</td>\n",
       "      <td>-0.346970</td>\n",
       "      <td>-0.264022</td>\n",
       "      <td>-0.304457</td>\n",
       "      <td>-0.059363</td>\n",
       "      <td>-0.057829</td>\n",
       "      <td>-0.388050</td>\n",
       "      <td>1.000000</td>\n",
       "      <td>-0.588884</td>\n",
       "      <td>-0.266510</td>\n",
       "      <td>-0.237328</td>\n",
       "      <td>-0.247791</td>\n",
       "      <td>-0.507366</td>\n",
       "      <td>-0.385471</td>\n",
       "      <td>-0.478686</td>\n",
       "      <td>-0.430606</td>\n",
       "    </tr>\n",
       "    <tr>\n",
       "      <th>Lost</th>\n",
       "      <td>0.883779</td>\n",
       "      <td>0.862423</td>\n",
       "      <td>0.845090</td>\n",
       "      <td>0.855385</td>\n",
       "      <td>0.547209</td>\n",
       "      <td>0.819867</td>\n",
       "      <td>0.969229</td>\n",
       "      <td>-0.588884</td>\n",
       "      <td>1.000000</td>\n",
       "      <td>0.818338</td>\n",
       "      <td>0.644280</td>\n",
       "      <td>0.808412</td>\n",
       "      <td>0.869274</td>\n",
       "      <td>0.904637</td>\n",
       "      <td>0.736708</td>\n",
       "      <td>0.604098</td>\n",
       "    </tr>\n",
       "    <tr>\n",
       "      <th>Blocks</th>\n",
       "      <td>0.908914</td>\n",
       "      <td>0.870830</td>\n",
       "      <td>0.890115</td>\n",
       "      <td>0.862050</td>\n",
       "      <td>0.534704</td>\n",
       "      <td>0.853076</td>\n",
       "      <td>0.871469</td>\n",
       "      <td>-0.266510</td>\n",
       "      <td>0.818338</td>\n",
       "      <td>1.000000</td>\n",
       "      <td>0.847119</td>\n",
       "      <td>0.954191</td>\n",
       "      <td>0.845699</td>\n",
       "      <td>0.909209</td>\n",
       "      <td>0.820392</td>\n",
       "      <td>0.539404</td>\n",
       "    </tr>\n",
       "    <tr>\n",
       "      <th>Sh</th>\n",
       "      <td>0.650801</td>\n",
       "      <td>0.604960</td>\n",
       "      <td>0.732675</td>\n",
       "      <td>0.553145</td>\n",
       "      <td>0.209309</td>\n",
       "      <td>0.639026</td>\n",
       "      <td>0.672092</td>\n",
       "      <td>-0.237328</td>\n",
       "      <td>0.644280</td>\n",
       "      <td>0.847119</td>\n",
       "      <td>1.000000</td>\n",
       "      <td>0.649319</td>\n",
       "      <td>0.668320</td>\n",
       "      <td>0.678513</td>\n",
       "      <td>0.785431</td>\n",
       "      <td>0.400576</td>\n",
       "    </tr>\n",
       "    <tr>\n",
       "      <th>Pass</th>\n",
       "      <td>0.934367</td>\n",
       "      <td>0.905674</td>\n",
       "      <td>0.861366</td>\n",
       "      <td>0.922282</td>\n",
       "      <td>0.647393</td>\n",
       "      <td>0.861085</td>\n",
       "      <td>0.868790</td>\n",
       "      <td>-0.247791</td>\n",
       "      <td>0.808412</td>\n",
       "      <td>0.954191</td>\n",
       "      <td>0.649319</td>\n",
       "      <td>1.000000</td>\n",
       "      <td>0.834033</td>\n",
       "      <td>0.919187</td>\n",
       "      <td>0.731879</td>\n",
       "      <td>0.546429</td>\n",
       "    </tr>\n",
       "    <tr>\n",
       "      <th>Int</th>\n",
       "      <td>0.879591</td>\n",
       "      <td>0.881361</td>\n",
       "      <td>0.866898</td>\n",
       "      <td>0.840924</td>\n",
       "      <td>0.477751</td>\n",
       "      <td>0.721123</td>\n",
       "      <td>0.846152</td>\n",
       "      <td>-0.507366</td>\n",
       "      <td>0.869274</td>\n",
       "      <td>0.845699</td>\n",
       "      <td>0.668320</td>\n",
       "      <td>0.834033</td>\n",
       "      <td>1.000000</td>\n",
       "      <td>0.959417</td>\n",
       "      <td>0.862456</td>\n",
       "      <td>0.625714</td>\n",
       "    </tr>\n",
       "    <tr>\n",
       "      <th>Tkl+Int</th>\n",
       "      <td>0.978046</td>\n",
       "      <td>0.963186</td>\n",
       "      <td>0.941721</td>\n",
       "      <td>0.938034</td>\n",
       "      <td>0.605844</td>\n",
       "      <td>0.860178</td>\n",
       "      <td>0.927746</td>\n",
       "      <td>-0.385471</td>\n",
       "      <td>0.904637</td>\n",
       "      <td>0.909209</td>\n",
       "      <td>0.678513</td>\n",
       "      <td>0.919187</td>\n",
       "      <td>0.959417</td>\n",
       "      <td>1.000000</td>\n",
       "      <td>0.825172</td>\n",
       "      <td>0.624850</td>\n",
       "    </tr>\n",
       "    <tr>\n",
       "      <th>Clr</th>\n",
       "      <td>0.754758</td>\n",
       "      <td>0.793523</td>\n",
       "      <td>0.818169</td>\n",
       "      <td>0.675278</td>\n",
       "      <td>0.264223</td>\n",
       "      <td>0.574881</td>\n",
       "      <td>0.701518</td>\n",
       "      <td>-0.478686</td>\n",
       "      <td>0.736708</td>\n",
       "      <td>0.820392</td>\n",
       "      <td>0.785431</td>\n",
       "      <td>0.731879</td>\n",
       "      <td>0.862456</td>\n",
       "      <td>0.825172</td>\n",
       "      <td>1.000000</td>\n",
       "      <td>0.591328</td>\n",
       "    </tr>\n",
       "    <tr>\n",
       "      <th>Err</th>\n",
       "      <td>0.591755</td>\n",
       "      <td>0.624694</td>\n",
       "      <td>0.567659</td>\n",
       "      <td>0.559424</td>\n",
       "      <td>0.397713</td>\n",
       "      <td>0.443998</td>\n",
       "      <td>0.563461</td>\n",
       "      <td>-0.430606</td>\n",
       "      <td>0.604098</td>\n",
       "      <td>0.539404</td>\n",
       "      <td>0.400576</td>\n",
       "      <td>0.546429</td>\n",
       "      <td>0.625714</td>\n",
       "      <td>0.624850</td>\n",
       "      <td>0.591328</td>\n",
       "      <td>1.000000</td>\n",
       "    </tr>\n",
       "  </tbody>\n",
       "</table>\n",
       "</div>"
      ],
      "text/plain": [
       "              Tkl      TklW   Def 3rd   Mid 3rd   Att 3rd     Tkl.1       Att  \\\n",
       "Tkl      1.000000  0.973622  0.948098  0.961072  0.669033  0.918257  0.939852   \n",
       "TklW     0.973622  1.000000  0.927413  0.935754  0.635099  0.837178  0.891822   \n",
       "Def 3rd  0.948098  0.927413  1.000000  0.841655  0.454677  0.863408  0.892410   \n",
       "Mid 3rd  0.961072  0.935754  0.841655  1.000000  0.684959  0.868796  0.901076   \n",
       "Att 3rd  0.669033  0.635099  0.454677  0.684959  1.000000  0.680480  0.630048   \n",
       "Tkl.1    0.918257  0.837178  0.863408  0.868796  0.680480  1.000000  0.935579   \n",
       "Att      0.939852  0.891822  0.892410  0.901076  0.630048  0.935579  1.000000   \n",
       "Tkl%    -0.275369 -0.346970 -0.264022 -0.304457 -0.059363 -0.057829 -0.388050   \n",
       "Lost     0.883779  0.862423  0.845090  0.855385  0.547209  0.819867  0.969229   \n",
       "Blocks   0.908914  0.870830  0.890115  0.862050  0.534704  0.853076  0.871469   \n",
       "Sh       0.650801  0.604960  0.732675  0.553145  0.209309  0.639026  0.672092   \n",
       "Pass     0.934367  0.905674  0.861366  0.922282  0.647393  0.861085  0.868790   \n",
       "Int      0.879591  0.881361  0.866898  0.840924  0.477751  0.721123  0.846152   \n",
       "Tkl+Int  0.978046  0.963186  0.941721  0.938034  0.605844  0.860178  0.927746   \n",
       "Clr      0.754758  0.793523  0.818169  0.675278  0.264223  0.574881  0.701518   \n",
       "Err      0.591755  0.624694  0.567659  0.559424  0.397713  0.443998  0.563461   \n",
       "\n",
       "             Tkl%      Lost    Blocks        Sh      Pass       Int   Tkl+Int  \\\n",
       "Tkl     -0.275369  0.883779  0.908914  0.650801  0.934367  0.879591  0.978046   \n",
       "TklW    -0.346970  0.862423  0.870830  0.604960  0.905674  0.881361  0.963186   \n",
       "Def 3rd -0.264022  0.845090  0.890115  0.732675  0.861366  0.866898  0.941721   \n",
       "Mid 3rd -0.304457  0.855385  0.862050  0.553145  0.922282  0.840924  0.938034   \n",
       "Att 3rd -0.059363  0.547209  0.534704  0.209309  0.647393  0.477751  0.605844   \n",
       "Tkl.1   -0.057829  0.819867  0.853076  0.639026  0.861085  0.721123  0.860178   \n",
       "Att     -0.388050  0.969229  0.871469  0.672092  0.868790  0.846152  0.927746   \n",
       "Tkl%     1.000000 -0.588884 -0.266510 -0.237328 -0.247791 -0.507366 -0.385471   \n",
       "Lost    -0.588884  1.000000  0.818338  0.644280  0.808412  0.869274  0.904637   \n",
       "Blocks  -0.266510  0.818338  1.000000  0.847119  0.954191  0.845699  0.909209   \n",
       "Sh      -0.237328  0.644280  0.847119  1.000000  0.649319  0.668320  0.678513   \n",
       "Pass    -0.247791  0.808412  0.954191  0.649319  1.000000  0.834033  0.919187   \n",
       "Int     -0.507366  0.869274  0.845699  0.668320  0.834033  1.000000  0.959417   \n",
       "Tkl+Int -0.385471  0.904637  0.909209  0.678513  0.919187  0.959417  1.000000   \n",
       "Clr     -0.478686  0.736708  0.820392  0.785431  0.731879  0.862456  0.825172   \n",
       "Err     -0.430606  0.604098  0.539404  0.400576  0.546429  0.625714  0.624850   \n",
       "\n",
       "              Clr       Err  \n",
       "Tkl      0.754758  0.591755  \n",
       "TklW     0.793523  0.624694  \n",
       "Def 3rd  0.818169  0.567659  \n",
       "Mid 3rd  0.675278  0.559424  \n",
       "Att 3rd  0.264223  0.397713  \n",
       "Tkl.1    0.574881  0.443998  \n",
       "Att      0.701518  0.563461  \n",
       "Tkl%    -0.478686 -0.430606  \n",
       "Lost     0.736708  0.604098  \n",
       "Blocks   0.820392  0.539404  \n",
       "Sh       0.785431  0.400576  \n",
       "Pass     0.731879  0.546429  \n",
       "Int      0.862456  0.625714  \n",
       "Tkl+Int  0.825172  0.624850  \n",
       "Clr      1.000000  0.591328  \n",
       "Err      0.591328  1.000000  "
      ]
     },
     "execution_count": 8,
     "metadata": {},
     "output_type": "execute_result"
    }
   ],
   "source": [
    "df.corr()"
   ]
  },
  {
   "cell_type": "code",
   "execution_count": 9,
   "metadata": {},
   "outputs": [
    {
     "data": {
