{
 "cells": [
  {
   "cell_type": "code",
   "execution_count": 33,
   "metadata": {},
   "outputs": [],
   "source": [
    "import pandas as pd\n",
    "import numpy as np\n",
    "import seaborn as sns\n",
    "import matplotlib.pyplot as plt"
   ]
  },
  {
   "cell_type": "code",
   "execution_count": 34,
   "metadata": {},
   "outputs": [],
   "source": [
    "df = pd.read_csv(\"../data-v1/goal_shot_creation.csv\")"
   ]
  },
  {
   "cell_type": "code",
   "execution_count": 35,
   "metadata": {},
   "outputs": [
    {
     "data": {
      "text/html": [
       "<div>\n",
       "<style scoped>\n",
       "    .dataframe tbody tr th:only-of-type {\n",
       "        vertical-align: middle;\n",
       "    }\n",
       "\n",
       "    .dataframe tbody tr th {\n",
       "        vertical-align: top;\n",
       "    }\n",
       "\n",
       "    .dataframe thead th {\n",
       "        text-align: right;\n",
       "    }\n",
       "</style>\n",
       "<table border=\"1\" class=\"dataframe\">\n",
       "  <thead>\n",
       "    <tr style=\"text-align: right;\">\n",
       "      <th></th>\n",
       "      <th>Unnamed: 0</th>\n",
       "      <th>Squad</th>\n",
       "      <th># Pl</th>\n",
       "      <th>90s</th>\n",
       "      <th>SCA</th>\n",
       "      <th>SCA90</th>\n",
       "      <th>PassLive</th>\n",
       "      <th>PassDead</th>\n",
       "      <th>TO</th>\n",
       "      <th>Sh</th>\n",
       "      <th>...</th>\n",
       "      <th>Def</th>\n",
       "      <th>GCA</th>\n",
       "      <th>GCA90</th>\n",
       "      <th>PassLive.1</th>\n",
       "      <th>PassDead.1</th>\n",
       "      <th>TO.1</th>\n",
       "      <th>Sh.1</th>\n",
       "      <th>Fld.1</th>\n",
       "      <th>Def.1</th>\n",
       "      <th>Season</th>\n",
       "    </tr>\n",
       "  </thead>\n",
       "  <tbody>\n",
       "    <tr>\n",
       "      <th>0</th>\n",
       "      <td>1</td>\n",
       "      <td>Arsenal</td>\n",
       "      <td>23</td>\n",
       "      <td>12.0</td>\n",
       "      <td>311</td>\n",
       "      <td>25.92</td>\n",
       "      <td>220</td>\n",
       "      <td>32</td>\n",
       "      <td>20</td>\n",
       "      <td>25</td>\n",
       "      <td>...</td>\n",
       "      <td>5</td>\n",
       "      <td>43</td>\n",
       "      <td>3.58</td>\n",
       "      <td>21</td>\n",
       "      <td>6</td>\n",
       "      <td>3</td>\n",
       "      <td>6</td>\n",
       "      <td>7</td>\n",
       "      <td>0</td>\n",
       "      <td>2023-2024</td>\n",
       "    </tr>\n",
       "    <tr>\n",
       "      <th>1</th>\n",
       "      <td>2</td>\n",
       "      <td>Aston Villa</td>\n",
       "      <td>23</td>\n",
       "      <td>12.0</td>\n",
       "      <td>315</td>\n",
       "      <td>26.25</td>\n",
       "      <td>234</td>\n",
       "      <td>28</td>\n",
       "      <td>12</td>\n",
       "      <td>28</td>\n",
       "      <td>...</td>\n",
       "      <td>5</td>\n",
       "      <td>46</td>\n",
       "      <td>3.83</td>\n",
       "      <td>33</td>\n",
       "      <td>1</td>\n",
       "      <td>4</td>\n",
       "      <td>4</td>\n",
       "      <td>3</td>\n",
       "      <td>1</td>\n",
       "      <td>2023-2024</td>\n",
       "    </tr>\n",
       "    <tr>\n",
       "      <th>2</th>\n",
       "      <td>3</td>\n",
       "      <td>Bournemouth</td>\n",
       "      <td>25</td>\n",
       "      <td>12.0</td>\n",
       "      <td>236</td>\n",
       "      <td>19.67</td>\n",
       "      <td>173</td>\n",
       "      <td>15</td>\n",
       "      <td>16</td>\n",
       "      <td>14</td>\n",
       "      <td>...</td>\n",
       "      <td>8</td>\n",
       "      <td>15</td>\n",
       "      <td>1.25</td>\n",
       "      <td>9</td>\n",
       "      <td>0</td>\n",
       "      <td>2</td>\n",
       "      <td>2</td>\n",
       "      <td>0</td>\n",
       "      <td>2</td>\n",
       "      <td>2023-2024</td>\n",
       "    </tr>\n",
       "    <tr>\n",
       "      <th>3</th>\n",
       "      <td>4</td>\n",
       "      <td>Brentford</td>\n",
       "      <td>25</td>\n",
       "      <td>12.0</td>\n",
       "      <td>294</td>\n",
       "      <td>24.50</td>\n",
       "      <td>200</td>\n",
       "      <td>38</td>\n",
       "      <td>10</td>\n",
       "      <td>24</td>\n",
       "      <td>...</td>\n",
       "      <td>6</td>\n",
       "      <td>29</td>\n",
       "      <td>2.42</td>\n",
       "      <td>22</td>\n",
       "      <td>1</td>\n",
       "      <td>1</td>\n",
       "      <td>1</td>\n",
       "      <td>4</td>\n",
       "      <td>0</td>\n",
       "      <td>2023-2024</td>\n",
       "    </tr>\n",
       "    <tr>\n",
       "      <th>4</th>\n",
       "      <td>5</td>\n",
       "      <td>Brighton</td>\n",
       "      <td>25</td>\n",
       "      <td>12.0</td>\n",
       "      <td>309</td>\n",
       "      <td>25.75</td>\n",
       "      <td>227</td>\n",
       "      <td>23</td>\n",
       "      <td>23</td>\n",
       "      <td>20</td>\n",
       "      <td>...</td>\n",
       "      <td>3</td>\n",
       "      <td>42</td>\n",
       "      <td>3.50</td>\n",
       "      <td>30</td>\n",
       "      <td>1</td>\n",
       "      <td>6</td>\n",
       "      <td>2</td>\n",
       "      <td>2</td>\n",
       "      <td>1</td>\n",
       "      <td>2023-2024</td>\n",
       "    </tr>\n",
       "  </tbody>\n",
       "</table>\n",
       "<p>5 rows × 21 columns</p>\n",
       "</div>"
      ],
      "text/plain": [
       "   Unnamed: 0        Squad  # Pl   90s  SCA  SCA90  PassLive  PassDead  TO  \\\n",
       "0           1      Arsenal    23  12.0  311  25.92       220        32  20   \n",
       "1           2  Aston Villa    23  12.0  315  26.25       234        28  12   \n",
       "2           3  Bournemouth    25  12.0  236  19.67       173        15  16   \n",
       "3           4    Brentford    25  12.0  294  24.50       200        38  10   \n",
       "4           5     Brighton    25  12.0  309  25.75       227        23  23   \n",
       "\n",
       "   Sh  ...  Def  GCA  GCA90  PassLive.1  PassDead.1  TO.1  Sh.1  Fld.1  Def.1  \\\n",
       "0  25  ...    5   43   3.58          21           6     3     6      7      0   \n",
       "1  28  ...    5   46   3.83          33           1     4     4      3      1   \n",
       "2  14  ...    8   15   1.25           9           0     2     2      0      2   \n",
       "3  24  ...    6   29   2.42          22           1     1     1      4      0   \n",
       "4  20  ...    3   42   3.50          30           1     6     2      2      1   \n",
       "\n",
       "      Season  \n",
       "0  2023-2024  \n",
       "1  2023-2024  \n",
       "2  2023-2024  \n",
       "3  2023-2024  \n",
       "4  2023-2024  \n",
       "\n",
       "[5 rows x 21 columns]"
      ]
     },
     "execution_count": 35,
     "metadata": {},
     "output_type": "execute_result"
    }
   ],
   "source": [
    "df.head()"
   ]
  },
  {
   "cell_type": "code",
   "execution_count": 36,
   "metadata": {},
   "outputs": [
    {
     "data": {
      "text/plain": [
       "Index(['Unnamed: 0', 'Squad', '# Pl', '90s', 'SCA', 'SCA90', 'PassLive',\n",
       "       'PassDead', 'TO', 'Sh', 'Fld', 'Def', 'GCA', 'GCA90', 'PassLive.1',\n",
       "       'PassDead.1', 'TO.1', 'Sh.1', 'Fld.1', 'Def.1', 'Season'],\n",
       "      dtype='object')"
      ]
     },
     "execution_count": 36,
     "metadata": {},
     "output_type": "execute_result"
    }
   ],
   "source": [
    "df.columns"
   ]
  },
  {
   "cell_type": "code",
   "execution_count": 37,
   "metadata": {},
   "outputs": [
    {
     "name": "stdout",
     "output_type": "stream",
     "text": [
      "<class 'pandas.core.frame.DataFrame'>\n",
      "RangeIndex: 140 entries, 0 to 139\n",
      "Data columns (total 21 columns):\n",
      " #   Column      Non-Null Count  Dtype  \n",
      "---  ------      --------------  -----  \n",
      " 0   Unnamed: 0  140 non-null    int64  \n",
      " 1   Squad       140 non-null    object \n",
      " 2   # Pl        140 non-null    int64  \n",
      " 3   90s         140 non-null    float64\n",
      " 4   SCA         140 non-null    int64  \n",
      " 5   SCA90       140 non-null    float64\n",
      " 6   PassLive    140 non-null    int64  \n",
      " 7   PassDead    140 non-null    int64  \n",
      " 8   TO          140 non-null    int64  \n",
      " 9   Sh          140 non-null    int64  \n",
      " 10  Fld         140 non-null    int64  \n",
      " 11  Def         140 non-null    int64  \n",
      " 12  GCA         140 non-null    int64  \n",
      " 13  GCA90       140 non-null    float64\n",
      " 14  PassLive.1  140 non-null    int64  \n",
      " 15  PassDead.1  140 non-null    int64  \n",
      " 16  TO.1        140 non-null    int64  \n",
      " 17  Sh.1        140 non-null    int64  \n",
      " 18  Fld.1       140 non-null    int64  \n",
      " 19  Def.1       140 non-null    int64  \n",
      " 20  Season      140 non-null    object \n",
      "dtypes: float64(3), int64(16), object(2)\n",
      "memory usage: 23.1+ KB\n"
     ]
    }
   ],
   "source": [
    "df.info()"
   ]
  },
  {
   "cell_type": "markdown",
   "metadata": {},
   "source": [
    "### Gereksiz sütunları çıkar"
   ]
  },
  {
   "cell_type": "code",
   "execution_count": 38,
   "metadata": {},
   "outputs": [],
   "source": [
    "cols = [\"Unnamed: 0\",\"# Pl\",\"90s\"]\n",
    "df.drop(columns=cols,axis=1,inplace=True)"
   ]
  },
  {
   "cell_type": "code",
   "execution_count": 39,
   "metadata": {},
   "outputs": [
    {
     "data": {
      "text/html": [
       "<div>\n",
       "<style scoped>\n",
       "    .dataframe tbody tr th:only-of-type {\n",
       "        vertical-align: middle;\n",
       "    }\n",
       "\n",
       "    .dataframe tbody tr th {\n",
       "        vertical-align: top;\n",
       "    }\n",
       "\n",
       "    .dataframe thead th {\n",
       "        text-align: right;\n",
       "    }\n",
       "</style>\n",
       "<table border=\"1\" class=\"dataframe\">\n",
       "  <thead>\n",
       "    <tr style=\"text-align: right;\">\n",
       "      <th></th>\n",
       "      <th>Squad</th>\n",
       "      <th>SCA</th>\n",
       "      <th>SCA90</th>\n",
       "      <th>PassLive</th>\n",
       "      <th>PassDead</th>\n",
       "      <th>TO</th>\n",
       "      <th>Sh</th>\n",
       "      <th>Fld</th>\n",
       "      <th>Def</th>\n",
       "      <th>GCA</th>\n",
       "      <th>GCA90</th>\n",
       "      <th>PassLive.1</th>\n",
       "      <th>PassDead.1</th>\n",
       "      <th>TO.1</th>\n",
       "      <th>Sh.1</th>\n",
       "      <th>Fld.1</th>\n",
       "      <th>Def.1</th>\n",
       "      <th>Season</th>\n",
       "    </tr>\n",
       "  </thead>\n",
       "  <tbody>\n",
       "    <tr>\n",
       "      <th>0</th>\n",
       "      <td>Arsenal</td>\n",
       "      <td>311</td>\n",
       "      <td>25.92</td>\n",
       "      <td>220</td>\n",
       "      <td>32</td>\n",
       "      <td>20</td>\n",
       "      <td>25</td>\n",
       "      <td>9</td>\n",
       "      <td>5</td>\n",
       "      <td>43</td>\n",
       "      <td>3.58</td>\n",
       "      <td>21</td>\n",
       "      <td>6</td>\n",
       "      <td>3</td>\n",
       "      <td>6</td>\n",
       "      <td>7</td>\n",
       "      <td>0</td>\n",
       "      <td>2023-2024</td>\n",
       "    </tr>\n",
       "    <tr>\n",
       "      <th>1</th>\n",
       "      <td>Aston Villa</td>\n",
       "      <td>315</td>\n",
       "      <td>26.25</td>\n",
       "      <td>234</td>\n",
       "      <td>28</td>\n",
       "      <td>12</td>\n",
       "      <td>28</td>\n",
       "      <td>8</td>\n",
       "      <td>5</td>\n",
       "      <td>46</td>\n",
       "      <td>3.83</td>\n",
       "      <td>33</td>\n",
       "      <td>1</td>\n",
       "      <td>4</td>\n",
       "      <td>4</td>\n",
       "      <td>3</td>\n",
       "      <td>1</td>\n",
       "      <td>2023-2024</td>\n",
       "    </tr>\n",
       "    <tr>\n",
       "      <th>2</th>\n",
       "      <td>Bournemouth</td>\n",
       "      <td>236</td>\n",
       "      <td>19.67</td>\n",
       "      <td>173</td>\n",
       "      <td>15</td>\n",
       "      <td>16</td>\n",
       "      <td>14</td>\n",
       "      <td>10</td>\n",
       "      <td>8</td>\n",
       "      <td>15</td>\n",
       "      <td>1.25</td>\n",
       "      <td>9</td>\n",
       "      <td>0</td>\n",
       "      <td>2</td>\n",
       "      <td>2</td>\n",
       "      <td>0</td>\n",
       "      <td>2</td>\n",
       "      <td>2023-2024</td>\n",
       "    </tr>\n",
       "    <tr>\n",
       "      <th>3</th>\n",
       "      <td>Brentford</td>\n",
       "      <td>294</td>\n",
       "      <td>24.50</td>\n",
       "      <td>200</td>\n",
       "      <td>38</td>\n",
       "      <td>10</td>\n",
       "      <td>24</td>\n",
       "      <td>16</td>\n",
       "      <td>6</td>\n",
       "      <td>29</td>\n",
       "      <td>2.42</td>\n",
       "      <td>22</td>\n",
       "      <td>1</td>\n",
       "      <td>1</td>\n",
       "      <td>1</td>\n",
       "      <td>4</td>\n",
       "      <td>0</td>\n",
       "      <td>2023-2024</td>\n",
       "    </tr>\n",
       "    <tr>\n",
       "      <th>4</th>\n",
       "      <td>Brighton</td>\n",
       "      <td>309</td>\n",
       "      <td>25.75</td>\n",
       "      <td>227</td>\n",
       "      <td>23</td>\n",
       "      <td>23</td>\n",
       "      <td>20</td>\n",
       "      <td>13</td>\n",
       "      <td>3</td>\n",
       "      <td>42</td>\n",
       "      <td>3.50</td>\n",
       "      <td>30</td>\n",
       "      <td>1</td>\n",
       "      <td>6</td>\n",
       "      <td>2</td>\n",
       "      <td>2</td>\n",
       "      <td>1</td>\n",
       "      <td>2023-2024</td>\n",
       "    </tr>\n",
       "  </tbody>\n",
       "</table>\n",
       "</div>"
      ],
      "text/plain": [
       "         Squad  SCA  SCA90  PassLive  PassDead  TO  Sh  Fld  Def  GCA  GCA90  \\\n",
       "0      Arsenal  311  25.92       220        32  20  25    9    5   43   3.58   \n",
       "1  Aston Villa  315  26.25       234        28  12  28    8    5   46   3.83   \n",
       "2  Bournemouth  236  19.67       173        15  16  14   10    8   15   1.25   \n",
       "3    Brentford  294  24.50       200        38  10  24   16    6   29   2.42   \n",
       "4     Brighton  309  25.75       227        23  23  20   13    3   42   3.50   \n",
       "\n",
       "   PassLive.1  PassDead.1  TO.1  Sh.1  Fld.1  Def.1     Season  \n",
       "0          21           6     3     6      7      0  2023-2024  \n",
       "1          33           1     4     4      3      1  2023-2024  \n",
       "2           9           0     2     2      0      2  2023-2024  \n",
       "3          22           1     1     1      4      0  2023-2024  \n",
       "4          30           1     6     2      2      1  2023-2024  "
      ]
     },
     "execution_count": 39,
     "metadata": {},
     "output_type": "execute_result"
    }
   ],
   "source": [
    "df.head()"
   ]
  },
  {
   "cell_type": "code",
   "execution_count": 40,
   "metadata": {},
   "outputs": [
    {
     "data": {
      "text/html": [
       "<div>\n",
       "<style scoped>\n",
       "    .dataframe tbody tr th:only-of-type {\n",
       "        vertical-align: middle;\n",
       "    }\n",
       "\n",
       "    .dataframe tbody tr th {\n",
       "        vertical-align: top;\n",
       "    }\n",
       "\n",
       "    .dataframe thead th {\n",
       "        text-align: right;\n",
       "    }\n",
       "</style>\n",
       "<table border=\"1\" class=\"dataframe\">\n",
       "  <thead>\n",
       "    <tr style=\"text-align: right;\">\n",
       "      <th></th>\n",
       "      <th>SCA</th>\n",
       "      <th>SCA90</th>\n",
       "      <th>PassLive</th>\n",
       "      <th>PassDead</th>\n",
       "      <th>TO</th>\n",
       "      <th>Sh</th>\n",
       "      <th>Fld</th>\n",
       "      <th>Def</th>\n",
       "      <th>GCA</th>\n",
       "      <th>GCA90</th>\n",
       "      <th>PassLive.1</th>\n",
       "      <th>PassDead.1</th>\n",
       "      <th>TO.1</th>\n",
       "      <th>Sh.1</th>\n",
       "      <th>Fld.1</th>\n",
       "      <th>Def.1</th>\n",
       "    </tr>\n",
       "  </thead>\n",
       "  <tbody>\n",
       "    <tr>\n",
       "      <th>SCA</th>\n",
       "      <td>1.000000</td>\n",
       "      <td>0.524636</td>\n",
       "      <td>0.990883</td>\n",
       "      <td>0.681258</td>\n",
       "      <td>0.818375</td>\n",
       "      <td>0.862481</td>\n",
       "      <td>0.708518</td>\n",
       "      <td>0.529442</td>\n",
       "      <td>0.877890</td>\n",
       "      <td>0.439273</td>\n",
       "      <td>0.849220</td>\n",
       "      <td>0.517633</td>\n",
       "      <td>0.603759</td>\n",
       "      <td>0.615540</td>\n",
       "      <td>0.615737</td>\n",
       "      <td>0.197308</td>\n",
       "    </tr>\n",
       "    <tr>\n",
       "      <th>SCA90</th>\n",
       "      <td>0.524636</td>\n",
       "      <td>1.000000</td>\n",
       "      <td>0.579552</td>\n",
       "      <td>0.031348</td>\n",
       "      <td>0.426925</td>\n",
       "      <td>0.465237</td>\n",
       "      <td>0.049725</td>\n",
       "      <td>0.122309</td>\n",
       "      <td>0.636009</td>\n",
       "      <td>0.846775</td>\n",
       "      <td>0.662394</td>\n",
       "      <td>0.129600</td>\n",
       "      <td>0.452904</td>\n",
       "      <td>0.326915</td>\n",
       "      <td>0.362177</td>\n",
       "      <td>0.075380</td>\n",
       "    </tr>\n",
       "    <tr>\n",
       "      <th>PassLive</th>\n",
       "      <td>0.990883</td>\n",
       "      <td>0.579552</td>\n",
       "      <td>1.000000</td>\n",
       "      <td>0.596176</td>\n",
       "      <td>0.792168</td>\n",
       "      <td>0.826621</td>\n",
       "      <td>0.635416</td>\n",
       "      <td>0.481922</td>\n",
       "      <td>0.889258</td>\n",
       "      <td>0.488623</td>\n",
       "      <td>0.872530</td>\n",
       "      <td>0.479986</td>\n",
       "      <td>0.603071</td>\n",
       "      <td>0.588990</td>\n",
       "      <td>0.600736</td>\n",
       "      <td>0.193535</td>\n",
       "    </tr>\n",
       "    <tr>\n",
       "      <th>PassDead</th>\n",
       "      <td>0.681258</td>\n",
       "      <td>0.031348</td>\n",
       "      <td>0.596176</td>\n",
       "      <td>1.000000</td>\n",
       "      <td>0.474876</td>\n",
       "      <td>0.713829</td>\n",
       "      <td>0.752534</td>\n",
       "      <td>0.405869</td>\n",
       "      <td>0.470506</td>\n",
       "      <td>-0.018610</td>\n",
       "      <td>0.405703</td>\n",
       "      <td>0.651054</td>\n",
       "      <td>0.241532</td>\n",
       "      <td>0.485109</td>\n",
       "      <td>0.435831</td>\n",
       "      <td>0.008168</td>\n",
       "    </tr>\n",
       "    <tr>\n",
       "      <th>TO</th>\n",
       "      <td>0.818375</td>\n",
       "      <td>0.426925</td>\n",
       "      <td>0.792168</td>\n",
       "      <td>0.474876</td>\n",
       "      <td>1.000000</td>\n",
       "      <td>0.620745</td>\n",
       "      <td>0.587962</td>\n",
       "      <td>0.516513</td>\n",
       "      <td>0.740897</td>\n",
       "      <td>0.382022</td>\n",
       "      <td>0.702924</td>\n",
       "      <td>0.302670</td>\n",
       "      <td>0.719170</td>\n",
       "      <td>0.475439</td>\n",
       "      <td>0.521434</td>\n",
       "      <td>0.210204</td>\n",
       "    </tr>\n",
       "    <tr>\n",
       "      <th>Sh</th>\n",
       "      <td>0.862481</td>\n",
       "      <td>0.465237</td>\n",
       "      <td>0.826621</td>\n",
       "      <td>0.713829</td>\n",
       "      <td>0.620745</td>\n",
       "      <td>1.000000</td>\n",
       "      <td>0.613552</td>\n",
       "      <td>0.507696</td>\n",
       "      <td>0.746881</td>\n",
       "      <td>0.378054</td>\n",
       "      <td>0.710122</td>\n",
       "      <td>0.507920</td>\n",
       "      <td>0.425853</td>\n",
       "      <td>0.707172</td>\n",
       "      <td>0.488187</td>\n",
       "      <td>0.145763</td>\n",
       "    </tr>\n",
       "    <tr>\n",
       "      <th>Fld</th>\n",
       "      <td>0.708518</td>\n",
       "      <td>0.049725</td>\n",
       "      <td>0.635416</td>\n",
       "      <td>0.752534</td>\n",
       "      <td>0.587962</td>\n",
       "      <td>0.613552</td>\n",
       "      <td>1.000000</td>\n",
       "      <td>0.484936</td>\n",
       "      <td>0.536860</td>\n",
       "      <td>0.050588</td>\n",
       "      <td>0.465523</td>\n",
       "      <td>0.494548</td>\n",
       "      <td>0.392593</td>\n",
       "      <td>0.448079</td>\n",
       "      <td>0.577732</td>\n",
       "      <td>0.223089</td>\n",
       "    </tr>\n",
       "    <tr>\n",
       "      <th>Def</th>\n",
       "      <td>0.529442</td>\n",
       "      <td>0.122309</td>\n",
       "      <td>0.481922</td>\n",
       "      <td>0.405869</td>\n",
       "      <td>0.516513</td>\n",
       "      <td>0.507696</td>\n",
       "      <td>0.484936</td>\n",
       "      <td>1.000000</td>\n",
       "      <td>0.410966</td>\n",
       "      <td>0.075470</td>\n",
       "      <td>0.357161</td>\n",
       "      <td>0.241285</td>\n",
       "      <td>0.387419</td>\n",
       "      <td>0.371416</td>\n",
       "      <td>0.316908</td>\n",
       "      <td>0.378258</td>\n",
       "    </tr>\n",
       "    <tr>\n",
       "      <th>GCA</th>\n",
       "      <td>0.877890</td>\n",
       "      <td>0.636009</td>\n",
       "      <td>0.889258</td>\n",
       "      <td>0.470506</td>\n",
       "      <td>0.740897</td>\n",
       "      <td>0.746881</td>\n",
       "      <td>0.536860</td>\n",
       "      <td>0.410966</td>\n",
       "      <td>1.000000</td>\n",
       "      <td>0.745741</td>\n",
       "      <td>0.985313</td>\n",
       "      <td>0.524725</td>\n",
       "      <td>0.671857</td>\n",
       "      <td>0.640790</td>\n",
       "      <td>0.662678</td>\n",
       "      <td>0.269416</td>\n",
       "    </tr>\n",
       "    <tr>\n",
       "      <th>GCA90</th>\n",
       "      <td>0.439273</td>\n",
       "      <td>0.846775</td>\n",
       "      <td>0.488623</td>\n",
       "      <td>-0.018610</td>\n",
       "      <td>0.382022</td>\n",
       "      <td>0.378054</td>\n",
       "      <td>0.050588</td>\n",
       "      <td>0.075470</td>\n",
       "      <td>0.745741</td>\n",
       "      <td>1.000000</td>\n",
       "      <td>0.762726</td>\n",
       "      <td>0.239724</td>\n",
       "      <td>0.511144</td>\n",
       "      <td>0.396390</td>\n",
       "      <td>0.452351</td>\n",
       "      <td>0.185008</td>\n",
       "    </tr>\n",
       "    <tr>\n",
       "      <th>PassLive.1</th>\n",
       "      <td>0.849220</td>\n",
       "      <td>0.662394</td>\n",
       "      <td>0.872530</td>\n",
       "      <td>0.405703</td>\n",
       "      <td>0.702924</td>\n",
       "      <td>0.710122</td>\n",
       "      <td>0.465523</td>\n",
       "      <td>0.357161</td>\n",
       "      <td>0.985313</td>\n",
       "      <td>0.762726</td>\n",
       "      <td>1.000000</td>\n",
       "      <td>0.455020</td>\n",
       "      <td>0.607542</td>\n",
       "      <td>0.562118</td>\n",
       "      <td>0.603991</td>\n",
       "      <td>0.220613</td>\n",
       "    </tr>\n",
       "    <tr>\n",
       "      <th>PassDead.1</th>\n",
       "      <td>0.517633</td>\n",
       "      <td>0.129600</td>\n",
       "      <td>0.479986</td>\n",
       "      <td>0.651054</td>\n",
       "      <td>0.302670</td>\n",
       "      <td>0.507920</td>\n",
       "      <td>0.494548</td>\n",
       "      <td>0.241285</td>\n",
       "      <td>0.524725</td>\n",
       "      <td>0.239724</td>\n",
       "      <td>0.455020</td>\n",
       "      <td>1.000000</td>\n",
       "      <td>0.166446</td>\n",
       "      <td>0.478411</td>\n",
       "      <td>0.426398</td>\n",
       "      <td>0.018155</td>\n",
       "    </tr>\n",
       "    <tr>\n",
       "      <th>TO.1</th>\n",
       "      <td>0.603759</td>\n",
       "      <td>0.452904</td>\n",
       "      <td>0.603071</td>\n",
       "      <td>0.241532</td>\n",
       "      <td>0.719170</td>\n",
       "      <td>0.425853</td>\n",
       "      <td>0.392593</td>\n",
       "      <td>0.387419</td>\n",
       "      <td>0.671857</td>\n",
       "      <td>0.511144</td>\n",
       "      <td>0.607542</td>\n",
       "      <td>0.166446</td>\n",
       "      <td>1.000000</td>\n",
       "      <td>0.373359</td>\n",
       "      <td>0.421041</td>\n",
       "      <td>0.261174</td>\n",
       "    </tr>\n",
       "    <tr>\n",
       "      <th>Sh.1</th>\n",
       "      <td>0.615540</td>\n",
       "      <td>0.326915</td>\n",
       "      <td>0.588990</td>\n",
       "      <td>0.485109</td>\n",
       "      <td>0.475439</td>\n",
       "      <td>0.707172</td>\n",
       "      <td>0.448079</td>\n",
       "      <td>0.371416</td>\n",
       "      <td>0.640790</td>\n",
       "      <td>0.396390</td>\n",
       "      <td>0.562118</td>\n",
       "      <td>0.478411</td>\n",
       "      <td>0.373359</td>\n",
       "      <td>1.000000</td>\n",
       "      <td>0.318237</td>\n",
       "      <td>0.188304</td>\n",
       "    </tr>\n",
       "    <tr>\n",
       "      <th>Fld.1</th>\n",
       "      <td>0.615737</td>\n",
       "      <td>0.362177</td>\n",
       "      <td>0.600736</td>\n",
       "      <td>0.435831</td>\n",
       "      <td>0.521434</td>\n",
       "      <td>0.488187</td>\n",
       "      <td>0.577732</td>\n",
       "      <td>0.316908</td>\n",
       "      <td>0.662678</td>\n",
       "      <td>0.452351</td>\n",
       "      <td>0.603991</td>\n",
       "      <td>0.426398</td>\n",
       "      <td>0.421041</td>\n",
       "      <td>0.318237</td>\n",
       "      <td>1.000000</td>\n",
       "      <td>0.213328</td>\n",
       "    </tr>\n",
       "    <tr>\n",
       "      <th>Def.1</th>\n",
       "      <td>0.197308</td>\n",
       "      <td>0.075380</td>\n",
       "      <td>0.193535</td>\n",
       "      <td>0.008168</td>\n",
       "      <td>0.210204</td>\n",
       "      <td>0.145763</td>\n",
       "      <td>0.223089</td>\n",
       "      <td>0.378258</td>\n",
       "      <td>0.269416</td>\n",
       "      <td>0.185008</td>\n",
       "      <td>0.220613</td>\n",
       "      <td>0.018155</td>\n",
       "      <td>0.261174</td>\n",
       "      <td>0.188304</td>\n",
       "      <td>0.213328</td>\n",
       "      <td>1.000000</td>\n",
       "    </tr>\n",
       "  </tbody>\n",
       "</table>\n",
       "</div>"
      ],
      "text/plain": [
       "                 SCA     SCA90  PassLive  PassDead        TO        Sh  \\\n",
       "SCA         1.000000  0.524636  0.990883  0.681258  0.818375  0.862481   \n",
       "SCA90       0.524636  1.000000  0.579552  0.031348  0.426925  0.465237   \n",
       "PassLive    0.990883  0.579552  1.000000  0.596176  0.792168  0.826621   \n",
       "PassDead    0.681258  0.031348  0.596176  1.000000  0.474876  0.713829   \n",
       "TO          0.818375  0.426925  0.792168  0.474876  1.000000  0.620745   \n",
       "Sh          0.862481  0.465237  0.826621  0.713829  0.620745  1.000000   \n",
       "Fld         0.708518  0.049725  0.635416  0.752534  0.587962  0.613552   \n",
       "Def         0.529442  0.122309  0.481922  0.405869  0.516513  0.507696   \n",
       "GCA         0.877890  0.636009  0.889258  0.470506  0.740897  0.746881   \n",
       "GCA90       0.439273  0.846775  0.488623 -0.018610  0.382022  0.378054   \n",
       "PassLive.1  0.849220  0.662394  0.872530  0.405703  0.702924  0.710122   \n",
       "PassDead.1  0.517633  0.129600  0.479986  0.651054  0.302670  0.507920   \n",
       "TO.1        0.603759  0.452904  0.603071  0.241532  0.719170  0.425853   \n",
       "Sh.1        0.615540  0.326915  0.588990  0.485109  0.475439  0.707172   \n",
       "Fld.1       0.615737  0.362177  0.600736  0.435831  0.521434  0.488187   \n",
       "Def.1       0.197308  0.075380  0.193535  0.008168  0.210204  0.145763   \n",
       "\n",
       "                 Fld       Def       GCA     GCA90  PassLive.1  PassDead.1  \\\n",
       "SCA         0.708518  0.529442  0.877890  0.439273    0.849220    0.517633   \n",
       "SCA90       0.049725  0.122309  0.636009  0.846775    0.662394    0.129600   \n",
       "PassLive    0.635416  0.481922  0.889258  0.488623    0.872530    0.479986   \n",
       "PassDead    0.752534  0.405869  0.470506 -0.018610    0.405703    0.651054   \n",
       "TO          0.587962  0.516513  0.740897  0.382022    0.702924    0.302670   \n",
       "Sh          0.613552  0.507696  0.746881  0.378054    0.710122    0.507920   \n",
       "Fld         1.000000  0.484936  0.536860  0.050588    0.465523    0.494548   \n",
       "Def         0.484936  1.000000  0.410966  0.075470    0.357161    0.241285   \n",
       "GCA         0.536860  0.410966  1.000000  0.745741    0.985313    0.524725   \n",
       "GCA90       0.050588  0.075470  0.745741  1.000000    0.762726    0.239724   \n",
       "PassLive.1  0.465523  0.357161  0.985313  0.762726    1.000000    0.455020   \n",
       "PassDead.1  0.494548  0.241285  0.524725  0.239724    0.455020    1.000000   \n",
       "TO.1        0.392593  0.387419  0.671857  0.511144    0.607542    0.166446   \n",
       "Sh.1        0.448079  0.371416  0.640790  0.396390    0.562118    0.478411   \n",
       "Fld.1       0.577732  0.316908  0.662678  0.452351    0.603991    0.426398   \n",
       "Def.1       0.223089  0.378258  0.269416  0.185008    0.220613    0.018155   \n",
       "\n",
       "                TO.1      Sh.1     Fld.1     Def.1  \n",
       "SCA         0.603759  0.615540  0.615737  0.197308  \n",
       "SCA90       0.452904  0.326915  0.362177  0.075380  \n",
       "PassLive    0.603071  0.588990  0.600736  0.193535  \n",
       "PassDead    0.241532  0.485109  0.435831  0.008168  \n",
       "TO          0.719170  0.475439  0.521434  0.210204  \n",
       "Sh          0.425853  0.707172  0.488187  0.145763  \n",
       "Fld         0.392593  0.448079  0.577732  0.223089  \n",
       "Def         0.387419  0.371416  0.316908  0.378258  \n",
       "GCA         0.671857  0.640790  0.662678  0.269416  \n",
       "GCA90       0.511144  0.396390  0.452351  0.185008  \n",
       "PassLive.1  0.607542  0.562118  0.603991  0.220613  \n",
       "PassDead.1  0.166446  0.478411  0.426398  0.018155  \n",
       "TO.1        1.000000  0.373359  0.421041  0.261174  \n",
       "Sh.1        0.373359  1.000000  0.318237  0.188304  \n",
       "Fld.1       0.421041  0.318237  1.000000  0.213328  \n",
       "Def.1       0.261174  0.188304  0.213328  1.000000  "
      ]
     },
     "execution_count": 40,
     "metadata": {},
     "output_type": "execute_result"
    }
   ],
   "source": [
    "df.corr()"
   ]
  },
  {
   "cell_type": "code",
   "execution_count": 41,
   "metadata": {},
   "outputs": [
    {
     "data": {
